,index1,p1,d1,q1,mse1,index2,p2,d2,q2,mse2
AS14.01,25.0,2.0,2.0,1.0,0.061010007289643044,17.0,1.0,2.0,2.0,0.0799948970424992
AS14.02,3.0,0.0,1.0,0.0,1.1227976190476188,3.0,0.0,1.0,0.0,1.4567901234567904
AS14.03,3.0,0.0,1.0,0.0,0.061074074074074086,23.0,2.0,1.0,2.0,0.0668982378149755
AS14.05,7.0,0.0,2.0,1.0,0.0938945680998991,23.0,2.0,1.0,2.0,0.10480448350362023
AS14.06,35.0,3.0,2.0,2.0,0.21020294157872452,4.0,0.0,1.0,1.0,0.2341773378062422
AS14.07,9.0,1.0,0.0,0.0,0.8107397683809507,9.0,1.0,0.0,0.0,0.8107397684037003
AS14.08,31.0,3.0,1.0,1.0,0.33180831580701564,31.0,3.0,1.0,1.0,0.33180831580701564
AS14.09,2.0,0.0,0.0,2.0,0.33143742446078556,20.0,2.0,0.0,2.0,0.33969189746688055
AS14.12,15.0,1.0,2.0,0.0,0.25594949289275737,22.0,2.0,1.0,1.0,0.4093244676269785
AS14.13,7.0,0.0,2.0,1.0,0.7301357245915546,7.0,0.0,2.0,1.0,0.49089938901682806
AS14.14,21.0,2.0,1.0,0.0,0.27948911520328407,32.0,3.0,1.0,2.0,0.369213919752525
AS14.15,4.0,0.0,1.0,1.0,0.10454378679128012,4.0,0.0,1.0,1.0,0.09110527051486868
AS14.16,25.0,2.0,2.0,1.0,0.34583023488789805,33.0,3.0,2.0,0.0,0.3806473977487501
AS14.17,7.0,0.0,2.0,1.0,0.14639570729868787,29.0,3.0,0.0,2.0,0.13495072299353525
AS14.19,23.0,2.0,1.0,2.0,0.19474679117061433,34.0,3.0,2.0,1.0,0.23363820676592714
AS14.20,5.0,0.0,1.0,2.0,0.06790677654108707,16.0,1.0,2.0,1.0,0.03561093156352042
AS14.23,17.0,1.0,2.0,2.0,0.3566266721157067,17.0,1.0,2.0,2.0,0.4676031127485436
AS14.24,27.0,3.0,0.0,0.0,0.20301952530399,29.0,3.0,0.0,2.0,0.21072647167812414
AS14.25,4.0,0.0,1.0,1.0,0.07260359542232264,33.0,3.0,2.0,0.0,0.04831594918756732
AS14.26,29.0,3.0,0.0,2.0,0.46167380799772056,29.0,3.0,0.0,2.0,0.4615265415454252
AS14.27,1.0,0.0,0.0,1.0,0.37088067983348777,30.0,3.0,1.0,0.0,0.2857846967910592
AS14.28,0.0,0.0,0.0,0.0,0.2860314170862047,3.0,0.0,1.0,0.0,0.24180555555555572
AS14.29,2.0,0.0,0.0,2.0,0.2652990766747527,16.0,1.0,2.0,1.0,0.34591692045696926
AS14.30,26.0,2.0,2.0,2.0,0.03153202887031299,25.0,2.0,2.0,1.0,0.02522132233131768
AS14.31,23.0,2.0,1.0,2.0,0.023312061382265808,32.0,3.0,1.0,2.0,0.013166787906826067
AS14.32,34.0,3.0,2.0,1.0,0.41257382366203893,31.0,3.0,1.0,1.0,0.6344256116185855
AS14.33,30.0,3.0,1.0,0.0,0.4559834827761298,19.0,2.0,0.0,1.0,0.5429868401464617
